20205140		    3.5     9   9
20205142		    4       9   9
20176684	    	5.5     9   9
20205176	    	6       9   9
20205178	    	8       9   9
20194744	    	8.5     9   9
20200208	    	3       9   9
20205152	    	2       9   9
20205154	    	6.5     9   9
20205155	    	8       9   9
20205157	    	7.5     9   9
20200270	    	9       9   9
20205159	        10      9   9
20205161	    	8.5     9   9
20205162	        5       9   9
20200508	    	5.5     9   9
20205167	    	7       9   9
20205193	        6.5     9   9
20205168	    	4       9   9
20200597	    	8       9   9
20205195	    	5.5     9   9
20194859	    	10      9   9
20200640	    	4.5     9   9
